0 0.759422 0.943780 0.002392 0.008752
0 0.767486 0.944297 0.006341 0.004893
0 0.769930 0.937231 0.004497 0.004565
0 0.768681 0.927065 0.003660 0.004675
0 0.769894 0.931252 0.004570 0.004023
0 0.764983 0.929485 0.004969 0.004404
0 0.763137 0.925407 0.002573 0.008318
0 0.759332 0.930409 0.004748 0.004838
0 0.759420 0.935301 0.004497 0.004294
0 0.962572 0.713583 0.002609 0.009655
0 0.951284 0.711659 0.003353 0.007241
0 0.958397 0.712473 0.005045 0.004435
0 0.962948 0.704473 0.004741 0.004078
0 0.962719 0.700628 0.004077 0.003579
0 0.961118 0.691613 0.005587 0.004033
0 0.956225 0.693901 0.004138 0.003624
0 0.952556 0.689574 0.004832 0.003669
0 0.953297 0.696506 0.003835 0.008291
0 0.950880 0.700469 0.005950 0.004259
0 0.796823 0.915925 0.006914 0.003653
0 0.784254 0.919545 0.004740 0.005544
0 0.784907 0.913381 0.005435 0.003914
0 0.789843 0.910804 0.006088 0.003848
0 0.797366 0.909891 0.004436 0.003198
0 0.802106 0.906564 0.004871 0.002935
0 0.801086 0.899730 0.004879 0.003365
0 0.809650 0.891489 0.005036 0.004121
0 0.802876 0.893990 0.004740 0.003021
0 0.806247 0.884410 0.002706 0.008085
0 0.803678 0.887396 0.005830 0.004119
0 0.802598 0.883310 0.004424 0.003933
0 0.799682 0.877311 0.004077 0.007022
0 0.803420 0.878520 0.004202 0.003096
0 0.801142 0.872838 0.004479 0.006455
0 0.800098 0.864608 0.003598 0.006682
0 0.797003 0.863702 0.002894 0.008494
0 0.795631 0.850319 0.004178 0.002907
0 0.793203 0.860550 0.005059 0.004833
0 0.788672 0.857983 0.004857 0.004152
0 0.786861 0.852811 0.004555 0.003926
0 0.780330 0.858248 0.005033 0.003926
0 0.785136 0.862079 0.004732 0.003888
0 0.774323 0.849797 0.006165 0.003776
0 0.770827 0.852880 0.005116 0.003681
0 0.775608 0.860534 0.002895 0.006946
0 0.773910 0.866556 0.004429 0.007210
0 0.767794 0.863819 0.005637 0.005135
0 0.771758 0.860553 0.004102 0.004719
0 0.780201 0.868425 0.002265 0.006417
0 0.779182 0.874483 0.003650 0.006832
0 0.773199 0.880975 0.004469 0.005799
0 0.769077 0.885278 0.005345 0.003715
0 0.771696 0.890935 0.005607 0.003976
0 0.773684 0.894681 0.005885 0.003037
0 0.771258 0.904852 0.004448 0.006103
0 0.775440 0.898812 0.002134 0.007182
0 0.778306 0.905196 0.005277 0.003748
0 0.781163 0.910884 0.005822 0.005742
