0 0.103901 0.767767 0.007035 0.003759
0 0.112506 0.767093 0.003189 0.007122
0 0.106703 0.763588 0.006233 0.003211
0 0.113730 0.762593 0.002462 0.005635
0 0.107262 0.757894 0.002371 0.006026
0 0.107768 0.754648 0.006377 0.003954
0 0.113780 0.757493 0.001381 0.006029
0 0.113995 0.753526 0.002554 0.005014
0 0.109510 0.750250 0.004800 0.004334
0 0.110402 0.746288 0.002624 0.006630
0 0.117014 0.745666 0.004708 0.005663
0 0.117754 0.737110 0.004178 0.003885
0 0.112596 0.729513 0.005099 0.002780
0 0.118017 0.729246 0.002360 0.004489
0 0.123329 0.646344 0.003823 0.002270
0 0.123972 0.665316 0.003718 0.002424
0 0.123442 0.671141 0.003284 0.004586
0 0.123678 0.675242 0.003293 0.003819
0 0.123829 0.678835 0.003691 0.003294
0 0.124438 0.681106 0.003607 0.003023
0 0.124372 0.684753 0.004439 0.004489
0 0.125167 0.688625 0.004792 0.002388
0 0.125201 0.693177 0.001930 0.006081
0 0.123334 0.692238 0.002624 0.005734
0 0.122996 0.695757 0.004065 0.004118
0 0.121436 0.697633 0.003004 0.005162
0 0.122041 0.702079 0.004558 0.002659
0 0.120700 0.704936 0.004247 0.003090
0 0.120165 0.709416 0.003407 0.004972
0 0.119537 0.712904 0.003442 0.004144
0 0.119641 0.716504 0.003488 0.003470
0 0.118628 0.721461 0.002348 0.007169
0 0.113593 0.715566 0.002528 0.005407
0 0.113766 0.710884 0.003813 0.003791
0 0.114069 0.706409 0.004753 0.004206
0 0.114795 0.701053 0.001948 0.003522
0 0.114940 0.697137 0.005387 0.004972
0 0.115797 0.694019 0.003729 0.006029
0 0.116190 0.689289 0.005815 0.003315
0 0.117280 0.684205 0.005000 0.006504
0 0.117612 0.681127 0.005554 0.004206
0 0.117781 0.675528 0.003718 0.003729
