0 0.413783 0.015064 0.004328 0.005870
0 0.407833 0.025805 0.001876 0.007493
0 0.413024 0.024121 0.001991 0.005715
0 0.414681 0.028757 0.002866 0.003177
0 0.420365 0.028422 0.005180 0.003108
0 0.424065 0.028802 0.002544 0.005732
0 0.426966 0.034016 0.004869 0.004213
0 0.430081 0.039171 0.003488 0.005905
0 0.427393 0.045741 0.005364 0.003885
0 0.422933 0.051153 0.004616 0.005180
0 0.418369 0.050307 0.004696 0.004282
0 0.385816 0.044833 0.004190 0.005991
0 0.380930 0.045653 0.003833 0.002348
0 0.380861 0.041759 0.003442 0.004437
0 0.382259 0.036597 0.004811 0.004955
0 0.379336 0.034309 0.005087 0.003522
0 0.376735 0.029544 0.002049 0.006768
0 0.374294 0.025616 0.003775 0.003781
0 0.368539 0.031469 0.004006 0.006233
0 0.366230 0.039396 0.004029 0.004385
0 0.368504 0.042124 0.003004 0.004213
0 0.366933 0.047217 0.003867 0.003936
0 0.368797 0.053424 0.002325 0.007372
0 0.372434 0.053113 0.002901 0.006302
0 0.376037 0.053657 0.004443 0.004731
0 0.378932 0.050592 0.004431 0.003643
