0 0.461271 0.561449 0.003328 0.003453
0 0.455885 0.562674 0.001946 0.007424
0 0.452668 0.560197 0.002256 0.007234
0 0.452518 0.567605 0.003362 0.004040
0 0.449641 0.571533 0.003131 0.006578
0 0.450395 0.578103 0.003971 0.005214
0 0.425961 0.591195 0.002106 0.005836
0 0.429117 0.587008 0.003959 0.003816
0 0.429877 0.582864 0.004374 0.004126
0 0.431235 0.575243 0.005272 0.003141
0 0.431385 0.571798 0.005341 0.003848
0 0.428058 0.564470 0.002440 0.007010
0 0.426142 0.566704 0.001508 0.004472
0 0.424640 0.569708 0.003407 0.003436
0 0.420760 0.566429 0.002050 0.006611
0 0.421106 0.572437 0.004512 0.003054
0 0.419639 0.577590 0.001853 0.005352
0 0.419184 0.581578 0.003453 0.002314
0 0.420403 0.586327 0.003961 0.005561
0 0.423108 0.586810 0.002418 0.004211
