0 0.601554 0.326243 0.002670 0.008702
0 0.598309 0.324564 0.003443 0.003248
0 0.595414 0.322001 0.005778 0.003263
0 0.590937 0.315051 0.005502 0.003762
0 0.591213 0.309820 0.003085 0.007390
0 0.594217 0.308707 0.004259 0.009099
0 0.595437 0.306808 0.003338 0.006198
0 0.596410 0.305668 0.003442 0.005646
0 0.599564 0.303061 0.005030 0.003885
0 0.604248 0.303078 0.002705 0.005784
0 0.607396 0.304917 0.003844 0.004523
0 0.607333 0.308165 0.004570 0.002662
0 0.603280 0.318389 0.004880 0.003781
0 0.605933 0.313598 0.002522 0.006285
0 0.603983 0.314867 0.001750 0.007510
0 0.600425 0.307637 0.003819 0.003759
0 0.601240 0.312560 0.003659 0.004833
