0 0.793305 0.789489 0.003408 0.005977
0 0.804691 0.773000 0.004090 0.004456
0 0.799614 0.773433 0.002639 0.006894
0 0.808081 0.778440 0.003460 0.007208
0 0.804944 0.779908 0.001939 0.007471
0 0.807540 0.786436 0.002586 0.006317
0 0.867467 0.796446 0.002129 0.007232
0 0.865527 0.803612 0.002693 0.005956
0 0.860658 0.803386 0.002187 0.006820
0 0.862316 0.813995 0.002956 0.007127
0 0.857730 0.810691 0.004724 0.003626
0 0.852585 0.810183 0.001865 0.007334
0 0.859902 0.824058 0.004316 0.004211
0 0.856473 0.826511 0.004201 0.002866
0 0.859540 0.830430 0.002187 0.007390
0 0.856606 0.663622 0.005110 0.002573
0 0.423112 0.943671 0.004045 0.005420
0 0.421868 0.952099 0.002090 0.005767
0 0.416638 0.953467 0.001808 0.006316
0 0.432318 0.957619 0.002670 0.005867
0 0.428673 0.957159 0.004791 0.003655
0 0.423195 0.957023 0.002486 0.005271
0 0.435285 0.963151 0.004361 0.003505
0 0.437764 0.969192 0.003913 0.004499
0 0.434449 0.974811 0.005071 0.004152
0 0.430040 0.980069 0.003780 0.004624
0 0.425589 0.978068 0.004460 0.004002
0 0.383517 0.948898 0.004236 0.002728
0 0.377826 0.953543 0.004201 0.005007
0 0.374938 0.960527 0.003764 0.003677
0 0.377624 0.964877 0.004029 0.003885
0 0.375357 0.969289 0.003429 0.004627
0 0.376738 0.975754 0.002509 0.005818
0 0.380260 0.975832 0.002808 0.005318
0 0.383777 0.976626 0.004062 0.004213
0 0.386527 0.973804 0.004570 0.004506
0 0.394010 0.968857 0.003580 0.005801
0 0.389025 0.969099 0.003787 0.002348
0 0.389262 0.965171 0.003385 0.003885
0 0.390649 0.960406 0.005353 0.004265
0 0.388139 0.957937 0.004869 0.003160
0 0.385958 0.953016 0.001796 0.006889
